1 11466
2 10647
3 32578
4 8814
5 16571
6 16210
7 5983
8 2118
9 25330
10 26146
11 27831
12 20918
13 5500
14 25042
15 19959
16 15366
17 19588
18 27592
19 22500
20 2361
21 20865
22 21693
23 6767
24 28204
25 11551
26 1593
27 636
28 18033
29 17390
30 8145
31 5234
32 10733
33 4557
34 11297
35 17283
36 16435
37 12308
38 10631
39 29112
40 28063
41 4740
42 25252
43 25796
44 13875
45 9968
46 21139
47 15237
48 29233
49 17320
50 4327
51 12377
52 12412
53 4264
54 359
55 13350
56 25263
57 22405
58 17289
59 11816
60 12026
61 26131
62 7599
63 27769
64 961
65 28631
66 24611
67 4450
68 18675
69 6704
70 31700
71 2403
72 19242
73 8004
74 18638
75 22020
76 15495
77 13227
78 14459
79 14682
80 26443
81 6878
82 28571
83 3672
84 28214
85 5726
86 1028
87 23003
88 13984
89 7076
90 23067
91 24691
92 22616
93 31948
94 24078
95 19698
96 12096
97 28672
98 5335
99 13239
100 27301
1 29155
2 12090
3 9240
4 24150
5 18683
6 20704
7 4094
8 28230
9 4404
10 29553
11 2559
12 30901
13 189
14 1102
15 3345
16 13097
17 30739
18 9330
19 13198
20 5404
21 14619
22 10078
23 10671
24 24275
25 29697
26 5319
27 19402
28 16606
29 17875
30 6402
31 27723
32 28781
33 1244
34 4139
35 32116
36 13401
37 30401
38 6169
39 6868
40 14062
41 19549
42 21762
43 11913
44 10362
45 32606
46 21741
47 11829
48 32407
49 28060
50 15835
51 11201
52 23607
53 20029
54 12980
55 13780
56 28276
57 23689
58 6899
59 17426
60 18965
61 21646
62 14609
63 11029
64 5600
65 7539
66 15282
67 21548
68 3490
69 15773
70 13714
71 13526
72 10751
73 29827
74 10286
75 16892
76 30970
77 5713
78 3378
79 23282
80 29507
81 1344
82 2725
83 26668
84 23108
85 25776
86 15830
87 10688
88 27370
89 25098
90 18694
91 29087
92 28979
93 12120
94 4050
95 17811
96 2172
97 2977
98 20071
99 9464
100 5256
